"Standard Deviants"
6076.7006226155
5653.17716239328
4998.14134939411
5714.90303664287
5691.92786781011
5198.12533449929
5987.95078926521
5713.09878025835
5504.53168422752
5679.80679490836
5892.34315293767
5896.95478988139
5809.24477490649
5656.97839843147
5956.37356869572
5709.97076144499
5633.3501371606
5448.91227620646
5706.24469474181
6179.76868624746
5688.46563210318
5994.84585302592
5632.54800767053
5921.49396812083
5692.31887016178
5847.52552465644
6216.81993974032
6035.02512533214
6250.33859342874
5977.64174955247
6003.74493719859
5901.64681810142
5657.36940078314
5664.12522824002
5533.80026763489
6014.78697296106
6009.3227299274
5934.8684393539
6015.95998001607
5599.33293256536
5461.42435145988
6075.99900918847
4966.86116126056
5619.94196250138
6032.28810887045
5537.03615513144
5941.0440857043
5689.14937874686
5826.5743665809
6006.48195366027
5800.47117893479
5592.22530360594
5701.53289615044
5732.57853374431
6028.47205526949
5764.63606157406
5821.23439717887
5886.92279225932
5701.38765051935
6193.75080099183
5484.14296897288
5996.01886008093
5799.07871376308
5629.05688046766
5726.68989265105
5640.48525357466
5969.83149240879
6024.56203175279
5619.94196250138
5648.76734904641
5828.12217942885
6057.31225937729
5556.73805951976
5733.12988709127
5714.47056168964
5869.71868878587
6068.34071650035
6108.27784318498
5842.29485192399
5663.73422588835
5127.0568764112
6020.5380479751
6018.61281645173
5894.74283929271
5918.16579593523
5672.28378031091
5266.9417483931
5846.70633549547
5560.0113239642
6207.92085556765
5985.07079423419
5630.10802364479
6133.2394063988
5974.76716701156
5923.83998223085
5986.79136084961
6035.11909524787
5661.35362384423
5170.45813744649
5660.99720942666
5693.45469275915
5649.86931001473
5653.21863499484
6233.1480685947
6184.41575320537
6199.2248339152
5698.18390543682
5900.60787456775
6177.00028716306
6011.25437315662
5526.87009398804
6093.66189944313
5727.09673164552
5549.54823038486
5912.67527522448
5843.61550113975
6237.23245330344
5459.99479308511
5912.32436647842
5847.52552465644
5668.07672435828
6027.78402048188
5603.11404381683
5466.50738203158
6028.76908770543
5791.17971341449
5471.59041260328
5850.51947994846
5467.04673418262
5721.71977280616
5448.6183479388
6312.50796734417
6050.59743496938
5641.19153200882
5451.25829031648
5747.02201493785
5829.01297161069
5449.30327855813
5848.21355944406
5911.79930060541
6082.33640988413
5595.44425686351
6168.82062040072
6221.51196796035
5900.12290230035
5896.17278517805
5581.36817220341
6047.2265895102
6242.53212503477
6022.61680988416
5925.59484061695
5821.1929245773
5475.79746855592
5735.70655255766
6050.74561067523
5712.48096199718
5653.17716239328
6169.60262510405
6054.66921283133
5607.56532976526
5892.75064307673
5687.01453342331
5607.03888489629
5747.18620138003
5651.24227542166
5544.07419746149
5798.12378582881
6205.48087154191
6189.44977512346
5493.24389174447
5495.09103481962
5906.41923759777
6191.01378453014
5911.51875595685
6131.89973863041
5720.73088746028
6011.6589541477
5607.24694951448
5600.53032290673
5929.98983640104
5011.04442699919
5661.11130412912
5608.99389665464
5923.15056844728
5951.83559434229
5681.3494565002
5483.6175155893
6021.73104537538
5821.88095936491
5488.89159016075
5729.03590676106
5839.47744418599
6102.80381026161
5495.98090820616
5887.0695646152
5697.75571862751
5880.43872119555
5636.40553387306
5681.22054423497
5640.66508713986
5478.72552901735
5669.99026351506
5820.19284075323
5873.58861869696
5957.06160348333
6221.41799804462
5582.39091917835
5648.22957433887
6010.78297952864
5039.49362875533
5913.3768886515
5740.24212896571
5528.28885776362
5791.47674585043
5725.80962988805
5713.39581269429
6142.46659201519
6065.22627632641
5910.32926111446
5852.40471005712
5904.28986464738
5966.00564891812
5774.44849731368
5679.41579255669
5879.35968405627
6237.54306437879
5478.72552901735
6225.81299382871
5490.39900659959
5309.46703480933
5909.45328649539
5709.27874363944
5681.3336198574
6063.568297004
5666.7197880844
6080.68822045143
5910.24886983815
5701.84969895772
5643.83457855478
5843.38608870673
5981.02320463827
5834.87800688573
5745.06700317951
5548.65835699832
5834.13747478396
6235.10308035305
5636.36406127149
6230.80205448469
5930.67787118865
5784.18314368601
5796.58534368413
5600.1149372687
5703.48790790879
5550.61336875667
5858.33814798589
5882.08050395922
5853.33407072939
5695.8378913268
5845.21699126007
5800.07879758716
5637.14606597483
5630.93150094969
5475.98851255566
5509.26108939545
5734.52888049552
5830.95316580627
5478.47977229676
5629.81527935278
5995.23685537759
5479.80456615662
5860.98119453185
5563.77610184981
5714.20142321585
5629.32601894145
5796.6012490237
6304.29691795911
5660.60620707499
5680.66452588088
5871.97073298016
6294.13085681571
5127.83888111453
5660.1212348076
6052.2390186953
5590.75222864348
5741.99530212513
5872.40203300253
5576.6791794549
5804.94374903812
6025.34403645613
5902.02424181368
6239.8754998494
5874.4107170059
5882.13679412356
5997.97387183928
5707.25735080153
5451.25829031648
5986.08204694393
5748.06217599909
5694.19782138445
5762.27110665296
6126.73534498976
5659.04219766832
5720.0800371303
5680.68276952743
5630.54049859802
5563.77306637829
5878.57767935293
6078.04517390548
5491.92563905838
5717.73402302029
5920.19547286486
5636.10850143712
5959.35860893974
5994.31728459503
5983.50678482751
5740.37497495947
5895.52484399605
5676.97580853095
4909.47778548089
6066.14355912042
5686.84483723841
5959.74961129141
5908.2938580798
6005.49688643672
5743.82363202699
5752.79308029717
5697.45868619157
5951.60114919937
6004.32387938172
6171.072664595
5858.24555706612
6201.17984567354
5052.78770871209
5678.22143768685
6058.57923634803
5481.79695486286
5723.5050883796
6048.41317520462
5855.30409908827
5897.87085810606
6206.65387859692
5941.6259370354
5852.45809611033
5481.60779111012
5814.54588459892
6033.94608819286
5925.53805515886
5888.39283175027
6007.74893063101
5865.75217606709
5709.82000607117
5726.24210484129
5866.45660645118
5481.99879346179
5772.49348555534
5702.78196374112
5571.25642224689
5475.20650785232
6232.06903145542
5508.49298345958
5607.95936758845
5846.38999831507
5751.22907089049
5866.23714833448
5831.25019824221
5721.10278410525
5724.38106299867
5800.25465252386
5748.67999426026
5650.57558844889
6117.27089727338
5907.21773008849
5411.76705279787
5940.6368867939
5925.59484061695
5649.65814122825
5924.03083121027
5859.5901083561
6134.94639437482
5979.69073122655
5641.05608949153
5698.57490778849
5902.81982515643
5885.34520421323
5645.00758560979
6228.45604037467
5611.86635563362
5773.53981075386
5863.42255755355
5563.53034512923
5970.84065570748
5879.79078001354
5870.85451138324
5046.92267343705
6171.85466929834
5689.8225959717
5644.27807822061
5710.60201077451
6042.45417001386
5425.15510267036
6014.78697296106
5614.84411436691
5691.79242529282
5830.35890189663
6077.8736296705
5736.33210544901
5716.13282915597
6000.71088830096
5907.63233825838
6175.21963659676
6055.36703750865
5709.03800136783
5903.50785994404
6253.48019088151
5738.36317774304
6043.80153826091
5171.24014214983
5505.36496464622
5663.34322353668
5692.96543234782
5509.16711947972
6097.96292531149
5708.57093848049
5676.63730349344
5857.69158579985
5937.07147489459
5607.56532976526
6071.37476539797
6097.80117096623
5678.16672496601
5913.86477006687
5632.19847792043
6005.88788878839
5699.35691249183
5746.10716424075
5691.59365091653
5485.81484706275
5895.68781291065
4983.97129481828
5916.99278888023
5519.58973194289
6095.85973784729
5912.98588629983
5837.61640234337
6250.74317441982
5751.73764897611
6057.79723164469
5790.83018366439
5826.275955149
6027.98708300209
5894.38931765468
5844.69453827903
5602.55492129445
5675.2615390442
5446.95726444811
5874.66765583624
5760.85738492099
5673.23548119916
6128.78150970677
5827.93393447141
5543.19822284242
6037.69435736429
5666.90371730327
5841.965222296
5690.73351294027
5830.57698101737
4995.01333058075
5916.21078417689
6188.37073798418
5934.29086226941
5841.30696774337
5957.95406588978
5994.7082869467
6232.06903145542
5829.01297161069
5872.71264407789
5854.33553354943
6128.0023219605
5629.46146145874
5919.24192392654
5561.07646233601
5581.32669960184
5181.40620329324
6044.41897166191
5896.56240853376
5864.89121804854
5879.79078001354
6055.68046554108
5840.69054484661
5973.8911923925
6096.25074019896
5702.44345870362
5558.0050364905
5710.69598069024
5852.77152414275
6221.02699569295
5933.55245372956
4972.7261965356
5919.24483307451
5529.46186481863
