"Standard_Deviants"
5868.34724588651
5757.98566297962
5129.16906458194
5854.90734633007
5796.44634559127
5249.20886354271
5425.62372761833
5769.23072655756
5605.65567793618
5846.81500799593
6961.2920927111
5632.35787639634
5891.97084583202
5704.55205399496
5425.09024336351
5709.58171749504
5626.92275592914
5354.1696181686
5615.52788051135
6282.05115418833
5778.29324196514
6031.60170772969
5660.21186099482
5719.20376535949
5725.61042875823
5842.32698502621
6312.14142874894
6142.93145748589
5804.04082479372
5957.6203516461
6031.25574911526
5599.42090193362
5775.42315478459
5690.59115123649
5564.66838908933
6034.76964595552
6058.00551357065
6916.51076071389
6013.29071853078
5508.02224414319
5430.0466329788
7128.8521669516
5007.38716516272
5582.60634529919
5979.10661213841
5474.20771244168
5664.9617626283
5639.33244166392
5524.21359614342
6004.50384784456
5554.48935242262
5582.50553195519
5613.55092185222
5483.81829208261
6031.60608218913
5800.68514401712
5895.6130973145
5850.2302497396
5681.14850721047
6264.85317812666
5435.78193039204
6009.32370710184
5755.29786642964
5301.13169314735
5806.73811475539
5492.60867029643
5949.2284977768
6082.31475877288
5588.35624648726
5727.79494143451
5795.07073286754
6096.1203011163
5623.26833615977
5839.8628155187
5717.67505411054
5835.6408766167
5713.41879241567
5944.27651298381
6913.54209700424
5713.13917134637
5131.53698856806
5521.76482141051
5937.22432022584
5860.33559122526
5969.55890228436
5831.32419616113
5160.67321314078
5841.02222868239
5727.72726374396
6144.13992733277
5898.33327201249
5729.27926756462
6295.38691716619
6120.95602366098
5593.72813297226
5684.0649335652
6129.40092472189
5763.32079722371
5199.96382882079
5713.93036560505
5669.71058800745
5604.12878222698
5843.74944356612
6257.09368999663
7686.1178311148
6308.19153939962
5798.29903088039
5941.67998046598
6406.06463459181
5424.40273869183
5530.96566789352
5665.09144558946
5671.96695055525
5665.07168271795
6999.88936319317
5879.01656708841
5816.46011138231
5323.38648783602
5412.32448323953
5847.84199662618
5844.97721970496
5889.77517794002
5675.66342935721
5398.79896460384
6032.07187180015
5914.93858159952
5462.20961577383
5678.13563694643
5350.25360122112
5696.60278655079
5385.06916586649
5926.16933855339
5957.59439291446
5783.5277688561
5487.46698682135
5778.96807541672
5813.10339822753
5519.32224084329
5928.05098949519
6771.18652176126
6006.48304615518
5676.59826522383
6245.24982096464
6282.52595341862
5970.84571811704
5707.29161389281
5701.42822113882
5628.18406488212
6311.6249476637
6053.70595853649
6032.03014325341
5938.45173474829
5585.74064651293
5441.56993006309
5616.74547058377
5726.95906590311
5713.10126672757
6235.98652023149
5998.32866883038
5687.68770060686
5932.59695847979
5640.81856958434
5556.62656748858
5880.93511177915
5646.48200413495
5524.69600859081
5728.08061828715
6338.74446594942
6188.9221690827
5478.52663318395
5478.0342294151
5410.97391269275
6232.90191424958
6017.5938284543
5974.01281813186
5729.10216697304
5975.76527724437
5673.88437790776
5562.71593362435
5982.09693588425
5035.98225078995
5660.7503366725
5640.82051132708
5896.38189789875
5957.40561045022
5707.71574934058
5383.00074272728
6082.53459914553
5741.63625599475
5566.4610745916
5833.60405228217
5530.41924204729
5908.89225833327
5417.93251486389
5982.6999915004
5757.37486139708
5498.3354058204
5797.93081103592
5720.13168907127
5649.16899929129
5545.43570277224
5666.77443865443
5817.51007412569
5578.33225882803
7076.23992670897
6200.94597583495
5549.26164759818
5824.41350665857
6047.89166688336
5182.51676924629
5684.68326922035
5856.66503204737
5578.52571388856
5734.38443124197
5675.4187639778
5724.46895273438
6156.99745439436
6060.5268171839
5539.75635432296
5647.4063507324
5554.11379937309
6103.2816881905
5670.05283983227
5708.19353573061
5618.20994441827
6231.89564227534
5464.84678734577
6184.43497242476
5525.03596868929
5584.01044799559
5354.66707883853
5726.67416859048
5625.84149082277
6196.2184763399
5610.80810515815
6076.84625787278
5664.30909370928
5668.54835056314
5831.2394967273
5845.7459425439
6051.18027420537
5821.64307036687
5797.75026287843
5567.9937592985
5841.87794729029
6254.92409285162
5791.88460463033
6422.33937595812
6041.49093031605
5797.52202318938
5892.69133899008
5455.12356573855
5732.95107086423
5609.1949243748
5803.12379589869
5871.22222031454
5914.32428523314
5753.78115242617
5827.08991431487
5766.3116633861
5560.09059444362
5696.59535774106
5409.60955898635
5657.4563296638
5707.15207130465
5813.19768193018
5434.56862260777
5735.12068426256
6126.9416856228
5538.52424840636
5844.97412818744
5526.51931770969
5354.2918622117
5692.3697138096
5787.61478133052
5926.78247481219
5745.15059956698
5512.98518127275
5917.59165302625
5994.05496468822
5116.81499524455
5723.07228443338
6161.51016224534
5695.46795141109
5761.49854309389
6825.87640875567
5548.58169455745
5833.47217745712
6065.89028837466
6898.28114782762
5859.11812914149
5871.03377097344
5872.7791844932
6066.8915669739
5440.32247170938
5510.34151551032
5830.94017475925
5781.65852551323
5832.28222289753
5741.77203264411
5743.62244418815
5753.3543456581
5817.04979151648
5781.10022505196
5767.39753701717
5765.96814642754
5686.00289758719
6081.58843382493
5533.83075576845
5723.10957107213
5767.04478880789
5747.81275437371
5935.81310472658
6079.297292062
5973.21232545743
5845.11459632157
5948.79826133546
5715.1761267847
4926.46036942891
5836.21345528946
5834.29360543452
6056.83718189935
5627.66266529543
6018.09440117407
5488.61609955702
5831.52974777803
5678.08910508721
5652.36056720459
6048.31775209311
6269.32826323218
5510.42218345522
6343.50380405786
4994.09179964331
5716.04487634031
5982.02119025907
5506.76339312752
5878.58060368203
5995.26964121066
5790.95317946296
5928.94681622735
6244.46206576375
6062.08645469957
5217.50176403278
5510.38798309532
5812.96649660577
6057.25594129768
6041.38668070359
6105.01700462404
6033.88373133211
5802.09962773981
5968.9428415563
5863.28206428363
5477.20716850404
5475.30180693334
5822.55198078039
5825.72852971905
5490.12184382832
5490.00078698899
6316.29334935278
5460.38974338879
5496.66856287841
5895.39685058456
5845.99975588489
5837.80794638829
5828.63629652086
5713.50511767918
5652.32174489647
5822.69186195556
5798.75875442575
5917.15780129206
5765.66351224958
6128.27081315348
5333.76538085424
5807.76273208937
5941.98745551609
5695.62442482831
5968.13172964289
5871.38557471906
7203.80991484935
6125.61543878124
5717.19766169761
5818.28730763838
5670.97489703687
5444.9158182493
5818.06618072969
6385.30342870792
5764.29288208265
5349.28566018976
5703.40453372739
5467.41529854316
5397.16984436457
5850.14861558529
5955.81390003519
5034.39070930728
6185.55629928365
5686.76836481793
5749.62035964166
5843.95978432823
5990.35558459707
5445.29926710166
5999.98490938855
5738.68759022275
5692.23771322725
5778.1631472064
5863.3557863568
5768.83353573939
5825.354344445
6030.90558540388
5449.94717906856
7262.29728440474
6111.59011237215
5941.2247791224
5513.50534971728
6369.93960702998
5867.81637682603
5637.28934763503
5252.90008072556
5470.92740220908
5689.0513392642
5611.99152902123
5586.88666487642
5663.92483151288
5736.17451820602
5705.97790665394
5938.4408749951
5790.31188891739
5666.97188477467
5607.14033578077
7082.1933342196
5681.07266402946
6019.5012275615
5817.9990765478
5948.13418228809
5882.17325458064
5820.15241192784
5836.83057029695
5525.19598646649
5669.53699065595
5020.09828648781
6100.0224547012
5412.11986643867
5864.69607752723
5654.46723317932
5617.60969222332
6300.94261720883
5368.11463067608
5986.34518204894
5734.34958239676
5865.95339323589
6103.37678696703
5768.74997476386
5775.29818007787
5516.50843919623
5783.41754585193
5412.7382842297
5637.76987220713
5604.42000258925
5538.71352410309
6044.32303662108
5826.4640976371
5512.21274668943
5866.59269249122
5739.78035796244
5600.89479985961
5723.92775187727
5857.81095883267
5056.58797048964
6018.37397545279
6274.92134420171
6005.07290230992
5909.56433042075
6026.25697180954
6167.55018259058
6285.56553570025
5928.68664735645
5531.71192383196
5555.97458763203
7349.7267737548
5821.67255211121
5654.40181354175
5562.99816421465
5540.21772089842
5150.66749773887
6098.31152072907
5971.30525424032
5806.11775964181
5919.38937022899
5941.25385657754
5744.43186899158
5977.74150215089
5907.53340524525
5677.58731405481
5504.95284544081
5778.77993518354
5488.69190906631
6386.48855081155
5997.93820562227
4994.39125827321
6026.76929725362
5575.08629649855
