"x"
5824.18966414248
5702.5670217772
5153.09524033729
5926.68334212652
5770.31265585727
5477.17376331708
5364.7702368179
5708.00984425473
5593.44503436066
5766.36760957221
6952.06127437218
5648.01320419833
5788.76418685399
5748.72258660794
5368.20655422347
5629.38402152836
5568.37555497884
5443.66086836184
5753.81250328508
6246.15762590759
5912.02060957794
6109.84561094736
5732.1471806246
5703.44895582041
5846.33536595084
5730.81739762765
6285.28231306365
5971.09766176982
5399.78715588718
5866.602436139
5987.66221077123
5744.03127146243
5805.86059887144
5667.97920854374
5600.60943487301
6039.35098361295
5981.35123649487
6836.7784029059
5993.90081583513
5162.37898384499
5442.23795526969
6968.28286622338
5408.64901839357
5461.1495549071
6062.71816008415
5462.09231828359
5470.78703806473
5556.12503261027
5733.27240770336
5993.56874720936
5761.61656175535
5637.10429700293
5581.51398069898
5562.78837719225
6106.45220848605
5724.16411705448
5899.17862599169
5904.1871285878
5671.47460272149
6265.96610154165
5424.26697461964
6027.78437078437
5780.3811333223
5334.06747955446
5808.3629694756
5460.05311456506
5882.50953252974
6126.07064864693
5608.28838949186
5898.28186529634
5814.16295821539
6016.88627166165
5668.37109308797
5855.53395666602
5600.90120982122
5977.88789392054
5719.62869126352
5815.8062811791
7016.88555918559
5722.45027157325
5211.00334463998
5294.57167420849
5916.81432583937
5786.05870404499
5879.71512602481
5843.87816883472
5019.44709589361
5970.80966378636
5692.12718805751
6061.98735514788
5873.92917112704
5883.1148541871
6360.28841912246
5886.62543822082
5662.47395770741
5620.7716512979
6030.10833419452
5605.97424035492
5189.60630774382
5745.37116962132
5657.94691504127
5573.79431150801
5897.07567968835
6256.49704465176
7823.45229045571
6348.15536215396
5767.94176656941
5771.04044366569
6156.38894587224
5429.71047348496
5518.59885702882
5628.73289571478
5626.73160847796
5811.77257976269
7097.42054959741
5906.52126158918
5908.4984116248
5236.32038016034
5430.23383913058
5943.23100870601
5877.62200445048
6023.50522123517
5544.74283779309
5449.6224637527
6020.77181383595
5886.51181616095
5602.60557215472
5669.51954559114
5329.91343716567
5680.54591272398
5333.62246127308
5878.37238960161
6109.08105540715
5838.14474567323
5439.27729089567
5743.39770193504
5745.12056168434
5592.29610748213
5862.99155739089
6671.04584641398
5910.44587405929
5674.61094586676
6282.71848815616
6352.62135516897
6009.43184435389
5659.70337069216
5652.04512090677
5685.01048643443
6078.94625585534
5981.21615979005
6146.20460411118
5947.98561227374
5665.54221575596
5482.60788095852
5614.78114250331
5804.77153092062
5702.01317675171
6291.98420149831
6021.66824856712
5635.80596877661
5732.98326894741
5600.35949203358
5578.15946290736
5869.86148284209
5722.9388778469
5539.22962907401
5750.05699348348
6399.60063483784
6372.3079662175
5398.34786865161
5370.38264888092
5273.74063836312
6345.90510635103
6211.78295748986
5614.66602143257
5678.53963743238
6088.04331223893
5515.77335439099
5609.09641790631
5774.31032604496
5039.82432351648
5889.90888541335
5647.60082258345
5880.23740696076
5943.85881380251
5644.65279468321
5535.96036451469
6065.40047076495
5600.64864032703
5524.60359761506
5808.70780126367
5573.65254490592
5902.33694795901
5305.22268009309
5978.40598197175
5746.54390082957
5423.86784628869
5760.51907697286
5769.55688286955
5588.47183908888
5446.63448772238
5740.08048750239
5809.97534623123
5552.8603548195
7009.35902484637
6312.40493132668
5549.81573630115
5930.59965289081
5892.22736910737
5324.0365156089
5602.19992313058
5843.2473088526
5655.51097445784
5759.55102336367
5601.1112334602
5785.18252081633
5968.72570233021
6112.48861149
5362.53206473557
5191.7194647641
5278.58628977432
6087.93785137172
5440.41762953634
5495.71130386602
5549.92910009642
6120.84075352902
5891.56937447028
6286.72775263151
5549.04272863326
5824.68935718878
5301.09685711717
5636.15561950518
5689.77269710842
6269.30371457334
5604.18319518002
6077.6884376069
5657.22342883804
5543.94027864531
5799.00739132168
5696.34428286816
6202.01616371234
5772.27664233513
5936.9050437083
5558.59569765133
5756.5666012104
5985.30844789686
5896.09980881114
6434.54159736377
6142.50096215266
5755.91991432942
5936.17819691193
5411.81321936702
5709.13851676698
5415.75411324479
5752.11675447931
5837.49483792353
6022.79796616729
5579.9546507329
5741.61609656304
5695.03639985411
5666.08472688319
5745.0388012198
5544.85342917819
5638.38445676632
5688.48330851923
5938.23025735046
5461.66787604467
6083.97261651108
6161.47160385101
5683.84115915526
5748.73629514579
5322.77342580271
5272.63207821551
5712.48782772074
5817.51431985283
6020.4546278518
5793.2103224118
5450.43688686516
5914.17385386297
6023.55157960495
4967.10105535297
5801.10495964323
6162.07200376794
5698.6227823177
5749.61631099067
6833.88850838354
5636.91629125183
5801.2078202758
5951.94409493501
6887.86574120518
5840.41648279095
5873.68921425023
5874.52514889068
5960.50042127969
5378.82765356367
5546.74137768862
5334.90609173803
5841.53604525566
5821.44764202384
5785.07883337479
5731.44547634307
5758.98710576104
5852.69775664281
5720.11705683842
5780.60848363506
5952.58203907939
5690.82849331093
6104.98787031609
5515.90892674451
5825.57711092716
5569.24282016212
5815.38479227982
5836.94791554356
6016.76548910981
6002.66259000988
5950.4412827389
6062.06834936981
5692.01040552283
4910.47068346699
5766.63737917341
5898.08592282444
6122.50577275871
5588.51739560351
6102.74882870801
5554.29294544598
5881.92943697734
5731.74592504655
5667.01887789887
6000.61627972384
6287.83340698503
5534.37298531973
6309.45336907736
5082.01093531808
5838.44577212564
5944.63614136873
5553.50060879421
5867.89318343277
5938.40251041338
5850.16737017956
5777.6553714944
6315.29844164138
6170.46563302015
6290.81858111243
5502.00080626425
5844.68968296758
6031.46829606347
5918.72401159776
6147.69319919564
6038.45779828026
5636.15811243364
5931.57594122878
5977.6871233602
5367.84386350887
5550.36636620573
5799.35220177687
5932.5007534864
5265.73164028048
5523.67466174584
6274.45787305925
5484.69499100072
5402.50188381889
5848.80772712701
5968.0505029928
6074.92527115849
5704.21489342549
5544.97565532885
5607.1602603395
5918.23150009255
5812.15841814686
5987.27977825744
5879.16987893739
6200.04299864368
5265.97025304664
5682.05074212528
5988.12580655382
5779.214401886
6016.24314145755
5844.8229894452
7133.183274482
6293.96974638133
5891.88912217982
5780.63831683947
5676.89672528391
5376.4352574278
5760.34193698676
6313.49063372506
5648.93484992814
5309.67694281993
5679.29694319491
5412.72650520615
5387.61066782631
5616.7165831749
6064.44247180186
5065.42014440661
6236.02233220309
5648.64330698268
5727.11169150025
5745.13614471302
6038.15093681485
5343.65622336487
6023.82025134357
5788.43060285212
5689.11552174118
5577.87304705083
5787.02999629565
5752.94648264323
5926.4701201745
6151.96210410441
5486.34209577662
7366.10735746572
6170.50503547251
5939.99382045233
5460.63934158431
6450.18854245207
5781.74012725075
5612.39421078829
5307.1066122238
5373.12928607432
5667.98675199502
5742.85397194002
5606.14023325144
5609.49342175043
5807.19744804235
5802.75251241297
5929.82721929824
5815.86127453159
5606.20040370779
5562.74725647418
6959.44211468598
5749.34888762133
6037.68842596497
5826.73644448227
5911.69443116915
5895.524644927
5758.78531837739
5849.67783460064
5488.69571680412
5661.25234413209
5082.78712950613
6261.84699188069
5331.7408893414
5835.73752654554
5684.2118943474
5468.29978844176
6121.99315171567
5257.50161163632
6024.80017697797
5691.35195287281
5826.40236071617
6008.16307662914
5582.92949561212
5873.12274956933
5501.33348736567
5879.94124250601
5386.99946094121
5639.31010493472
5671.09742460263
5618.98532743276
5987.98198290322
5842.30037521482
5527.57319814673
5877.43406179735
5755.08469063501
5905.48783836492
5652.94600795013
5866.6216198834
5008.8802226067
6089.22876122516
6229.41116936838
6094.70343514485
5753.54120152592
5927.91075175437
5939.94993950965
6192.98467543098
5934.36373475963
5399.06229512828
5535.87508967132
7209.62595504722
5783.25857284242
5752.81008458854
5257.61350673363
5468.49594035152
5187.57356015058
6144.17920212509
5930.85843253021
5937.15737890671
6010.6937514876
7208.85063826617
5721.62261823739
5895.00168486337
5985.31339499933
5596.10626334808
5459.41439666075
5711.00866577991
5598.51565265698
6402.39868501208
6005.51692073493
5096.22289489131
5973.97503636126
5771.92823501516
